Example 1
2
500000 500000
0 3
6 0
2
1 2 1
1 2 2

Example 2
4
1 999999
0 1 2 3
4 0 5 6
7 8 0 9
10 11 12 0
8
1 2 3 4 1
2 2 4 4 2
2 4 2 4 3
1 3 3 3 4
2 1 1 4 1
2 1 3 2 2
1 1 1 1 3
4 3 2 1 4}

Example 3
10
12345 67890
0 1 2 3 4 5 6 7 8 9
2 0 8 6 4 2 4 6 8 2
3 3 0 3 3 3 3 3 3 3
9 9 7 0 5 5 3 3 1 1
4 5 4 5 0 9 9 9 9 9
7 8 7 8 7 0 8 7 8 7
1 2 1 2 1 2 0 2 1 2
8 8 8 6 6 6 6 0 5 5
2 3 4 2 3 4 2 3 0 4
9 8 7 6 5 4 3 2 1 0
10
10 1 2 3 4 5 6 7 8 9 1
2 10 8 6 4 2 4 6 8 2 2
3 3 10 3 3 3 3 3 3 3 3
9 9 7 10 5 5 3 3 1 1 4
4 5 4 5 10 9 9 9 9 9 5
7 8 7 8 7 10 8 7 8 7 6
1 2 1 2 1 2 10 2 1 2 7
8 8 8 6 6 6 6 10 5 5 8
2 3 4 2 3 4 2 3 10 4 9
9 8 7 6 5 4 3 2 1 10 10