2
3
1 0 0 0 0 0 0 0 0 0 0 0 0 0 0 0 0 0 0 0 0 0 0 0 0 0
0 0 0 0 0 0 0 0 0 0 0 0 0 0 0 0 0 0 0 0 0 0 0 0 0 0.98
0 0.99 0 0 0 0 0 0 0 0 0 0 0 0 0 0 0 0 0 0 0 0 0 0 0 0
4
0.200 0.295 0.289 0.253 0.262 0.420 0.198 0.288 0.450 0.437 0.213 0.550 0.243 0.281 0.276 0.321 0.224 0.285 0.256 0.413 0.224 0.241 0.276 0.195 0.285 0.170
0.099 0.107 0.156 0.170 0.142 0.173 0.128 0.120 0.197 0.105 0.084 0.248 0.112 0.086 0.190 0.150 0.129 0.070 0.093 0.152 0.116 0.126 0.113 0.139 0.082 0.084
0.027 0.029 0.018 0.041 0.030 0.037 0.031 0.020 0.030 0.024 0.036 0.062 0.022 0.012 0.020 0.033 0.013 0.027 0.022 0.031 0.023 0.035 0.031 0.037 0.027 0.038
0.267 0.419 0.307 0.314 0.229 0.278 0.406 0.214 0.287 0.258 0.281 0.369 0.298 0.294 0.550 0.362 0.387 0.149 0.256 0.248 0.156 0.229 0.192 0.176 0.275 0.227
0.067 0.068 0.088 0.078 0.078 0.109 0.074 0.097 0.136 0.123 0.060 0.180 0.069 0.043 0.065 0.095 0.079 0.092 0.069 0.139 0.063 0.078 0.052 0.077 0.078 0.074
0.238 0.097 0.211 0.196 0.196 0.267 0.161 0.146 0.388 0.329 0.164 0.540 0.174 0.162 0.277 0.155 0.185 0.070 0.082 0.265 0.118 0.208 0.160 0.181 0.169 0.208